37235 2015  1  1  -4.4
37235 2015  1  2  -2.3
37235 2015  1  3   0.8
37235 2015  1  4  -0.2
37235 2015  1  5  -0.1
37235 2015  1  6   1.5
37235 2015  1  7   0.3
37235 2015  1  8  -9.0
37235 2015  1  9 -14.8
37235 2015  1 10 -11.7
37235 2015  1 11  -5.5
37235 2015  1 12   1.2
37235 2015  1 13   3.0
37235 2015  1 14  -0.1
37235 2015  1 15  -0.7
37235 2015  1 16   1.1
37235 2015  1 17   1.0
37235 2015  1 18  -0.3
37235 2015  1 19  -1.8
37235 2015  1 20  -1.1
37235 2015  1 21   2.4
37235 2015  1 22   1.0
37235 2015  1 23   0.4
37235 2015  1 24  -0.5
37235 2015  1 25   0.8
37235 2015  1 26   0.9
37235 2015  1 27   0.9
37235 2015  1 28   0.9
37235 2015  1 29   1.2
37235 2015  1 30   0.4
37235 2015  1 31   1.8
37235 2015  2  1   3.5
37235 2015  2  2   2.5
37235 2015  2  3   5.1
37235 2015  2  4   2.9
37235 2015  2  5   4.5
37235 2015  2  6   4.4
37235 2015  2  7   1.8
37235 2015  2  8   1.2
37235 2015  2  9   1.2
37235 2015  2 10   2.2
37235 2015  2 11   1.2
37235 2015  2 12   0.2
37235 2015  2 13   0.2
37235 2015  2 14   0.0
37235 2015  2 15  -0.2
37235 2015  2 16   0.6
37235 2015  2 17  -2.1
37235 2015  2 18  -5.6
37235 2015  2 19  -7.6
37235 2015  2 20  -3.8
37235 2015  2 21  -3.0
37235 2015  2 22  -2.9
37235 2015  2 23  -1.6
37235 2015  2 24   1.2
37235 2015  2 25   2.8
37235 2015  2 26   4.2
37235 2015  2 27   3.6
37235 2015  2 28   2.3
37235 2015  3  1   3.7
37235 2015  3  2   5.8
37235 2015  3  3   4.5
37235 2015  3  4   5.4
37235 2015  3  5   3.2
37235 2015  3  6   4.2
37235 2015  3  7   3.7
37235 2015  3  8   1.6
37235 2015  3  9   1.4
37235 2015  3 10   3.1
37235 2015  3 11   2.2
37235 2015  3 12   2.8
37235 2015  3 13   6.9
37235 2015  3 14   9.2
37235 2015  3 15   3.4
37235 2015  3 16   2.7
37235 2015  3 17   3.2
37235 2015  3 18   4.0
37235 2015  3 19   4.9
37235 2015  3 20   4.3
37235 2015  3 21   6.5
37235 2015  3 22   7.7
37235 2015  3 23   6.7
37235 2015  3 24   4.4
37235 2015  3 25   5.2
37235 2015  3 26   4.9
37235 2015  3 27   4.2
37235 2015  3 28   6.9
37235 2015  3 29   5.5
37235 2015  3 30   3.2
37235 2015  3 31   2.0
37235 2015  4  1   2.0
37235 2015  4  2   3.5
37235 2015  4  3   5.0
37235 2015  4  4   6.3
37235 2015  4  5   7.6
37235 2015  4  6   7.5
37235 2015  4  7   6.3
37235 2015  4  8  12.1
37235 2015  4  9   9.2
37235 2015  4 10   4.9
37235 2015  4 11   4.1
37235 2015  4 12   7.1
37235 2015  4 13   6.5
37235 2015  4 14  10.9
37235 2015  4 15  10.2
37235 2015  4 16   9.1
37235 2015  4 17  13.0
37235 2015  4 18  16.1
37235 2015  4 19  16.5
37235 2015  4 20   8.3
37235 2015  4 21   7.1
37235 2015  4 22   6.6
37235 2015  4 23   7.6
37235 2015  4 24   9.0
37235 2015  4 25  12.3
37235 2015  4 26  14.2
37235 2015  4 27  14.0
37235 2015  4 28  15.6
37235 2015  4 29  15.5
37235 2015  4 30  14.3
37235 2015  5  1  16.3
37235 2015  5  2  14.7
37235 2015  5  3  15.5
37235 2015  5  4  14.6
37235 2015  5  5  13.1
37235 2015  5  6  12.9
37235 2015  5  7  12.5
37235 2015  5  8  15.1
37235 2015  5  9  13.0
37235 2015  5 10  12.0
37235 2015  5 11  13.1
37235 2015  5 12  14.5
37235 2015  5 13  12.9
37235 2015  5 14  14.6
37235 2015  5 15  16.7
37235 2015  5 16  16.4
37235 2015  5 17  15.1
37235 2015  5 18  17.5
37235 2015  5 19  16.8
37235 2015  5 20  18.2
37235 2015  5 21  17.4
37235 2015  5 22  16.0
37235 2015  5 23  16.3
37235 2015  5 24  17.5
37235 2015  5 25  20.5
37235 2015  5 26  19.9
37235 2015  5 27  22.1
37235 2015  5 28  21.5
37235 2015  5 29  21.4
37235 2015  5 30  22.6
37235 2015  5 31  20.6
37235 2015  6  1  18.2
37235 2015  6  2  21.8
37235 2015  6  3  21.6
37235 2015  6  4  22.6
37235 2015  6  5  23.2
37235 2015  6  6  18.9
37235 2015  6  7  16.3
37235 2015  6  8  17.7
37235 2015  6  9  18.6
37235 2015  6 10  21.6
37235 2015  6 11  22.7
37235 2015  6 12  21.4
37235 2015  6 13  22.0
37235 2015  6 14  21.8
37235 2015  6 15  21.2
37235 2015  6 16  22.8
37235 2015  6 17  22.1
37235 2015  6 18  21.9
37235 2015  6 19  24.6
37235 2015  6 20  24.4
37235 2015  6 21  24.3
37235 2015  6 22  25.3
37235 2015  6 23  27.3
37235 2015  6 24  27.2
37235 2015  6 25  24.4
37235 2015  6 26  24.1
37235 2015  6 27  23.1
37235 2015  6 28  24.4
37235 2015  6 29  23.9
37235 2015  6 30  24.7
37235 2015  7  1  23.2
37235 2015  7  2  24.3
37235 2015  7  3  23.5
37235 2015  7  4  24.5
37235 2015  7  5  24.4
37235 2015  7  6  24.7
37235 2015  7  7  22.7
37235 2015  7  8  23.9
37235 2015  7  9  25.6
37235 2015  7 10  27.1
37235 2015  7 11  27.3
37235 2015  7 12  21.4
37235 2015  7 13  17.2
37235 2015  7 14  21.1
37235 2015  7 15  23.4
37235 2015  7 16  23.7
37235 2015  7 17  20.0
37235 2015  7 18  22.6
37235 2015  7 19  21.2
37235 2015  7 20  22.1
37235 2015  7 21  22.1
37235 2015  7 22  24.9
37235 2015  7 23  24.4
37235 2015  7 24  25.2
37235 2015  7 25  24.6
37235 2015  7 26  24.9
37235 2015  7 27  25.8
37235 2015  7 28  25.7
37235 2015  7 29  27.1
37235 2015  7 30  29.5
37235 2015  7 31  28.7
37235 2015  8  1  29.8
37235 2015  8  2  31.1
37235 2015  8  3  29.8
37235 2015  8  4  28.6
37235 2015  8  5  26.4
37235 2015  8  6  25.2
37235 2015  8  7  24.6
37235 2015  8  8  22.6
37235 2015  8  9  22.5
37235 2015  8 10  23.3
37235 2015  8 11  24.8
37235 2015  8 12  26.1
37235 2015  8 13  25.6
37235 2015  8 14  26.0
37235 2015  8 15  28.5
37235 2015  8 16  28.0
37235 2015  8 17  23.9
37235 2015  8 18  24.9
37235 2015  8 19  26.1
37235 2015  8 20  22.0
37235 2015  8 21  20.1
37235 2015  8 22  20.0
37235 2015  8 23  20.9
37235 2015  8 24  18.9
37235 2015  8 25  19.7
37235 2015  8 26  17.5
37235 2015  8 27  19.2
37235 2015  8 28  19.9
37235 2015  8 29  21.4
37235 2015  8 30  23.9
37235 2015  8 31  22.1
37235 2015  9  1  23.0
37235 2015  9  2  24.7
37235 2015  9  3  25.7
37235 2015  9  4  26.3
37235 2015  9  5  25.9
37235 2015  9  6  26.8
37235 2015  9  7  26.9
37235 2015  9  8  26.5
37235 2015  9  9  23.4
37235 2015  9 10  21.6
37235 2015  9 11  22.1
37235 2015  9 12  19.1
37235 2015  9 13  18.8
37235 2015  9 14  19.7
37235 2015  9 15  20.4
37235 2015  9 16  19.1
37235 2015  9 17  19.4
37235 2015  9 18  17.3
37235 2015  9 19  16.8
37235 2015  9 20  18.4
37235 2015  9 21  20.0
37235 2015  9 22  21.1
37235 2015  9 23  21.6
37235 2015  9 24  20.7
37235 2015  9 25  19.3
37235 2015  9 26  18.1
37235 2015  9 27  18.9
37235 2015  9 28  19.4
37235 2015  9 29  19.4
37235 2015  9 30  19.2
37235 2015 10  1  19.6
37235 2015 10  2  21.0
37235 2015 10  3  21.4
37235 2015 10  4  19.7
37235 2015 10  5  17.2
37235 2015 10  6  16.3
37235 2015 10  7  16.3
37235 2015 10  8   8.1
37235 2015 10  9   5.0
37235 2015 10 10   6.9
37235 2015 10 11   6.2
37235 2015 10 12   7.6
37235 2015 10 13   6.2
37235 2015 10 14   8.5
37235 2015 10 15  10.4
37235 2015 10 16   7.1
37235 2015 10 17   7.2
37235 2015 10 18   5.6
37235 2015 10 19   9.6
37235 2015 10 20  10.3
37235 2015 10 21   8.2
37235 2015 10 22   7.2
37235 2015 10 23  10.0
37235 2015 10 24  11.0
37235 2015 10 25  11.6
37235 2015 10 26   7.9
37235 2015 10 27   8.2
37235 2015 10 28   8.0
37235 2015 10 29   5.9
37235 2015 10 30   4.4
37235 2015 10 31   4.1
37235 2015 11  1   1.7
37235 2015 11  2   3.2
37235 2015 11  3   8.3
37235 2015 11  4  11.0
37235 2015 11  5   8.0
37235 2015 11  6   6.6
37235 2015 11  7   6.7
37235 2015 11  8   2.4
37235 2015 11  9   2.6
37235 2015 11 10   5.2
37235 2015 11 11   4.5
37235 2015 11 12   7.4
37235 2015 11 13   9.5
37235 2015 11 14   5.2
37235 2015 11 15   3.9
37235 2015 11 16   5.9
37235 2015 11 17   3.9
37235 2015 11 18   2.1
37235 2015 11 19   0.3
37235 2015 11 20   3.9
37235 2015 11 21   5.7
37235 2015 11 22   7.3
37235 2015 11 23   4.6
37235 2015 11 24   6.4
37235 2015 11 25   4.1
37235 2015 11 26   7.8
37235 2015 11 27   4.9
37235 2015 11 28   4.6
37235 2015 11 29   5.0
37235 2015 11 30   6.3
37235 2015 12  1   5.7
37235 2015 12  2   3.9
37235 2015 12  3   1.5
37235 2015 12  4  -0.2
37235 2015 12  5  -0.5
37235 2015 12  6   0.5
37235 2015 12  7   6.7
37235 2015 12  8   7.3
37235 2015 12  9   4.3
37235 2015 12 10  -1.0
37235 2015 12 11  -0.5
37235 2015 12 12   0.7
37235 2015 12 13   1.3
37235 2015 12 14   3.2
37235 2015 12 15   1.3
37235 2015 12 16   2.1
37235 2015 12 17  -0.1
37235 2015 12 18  -1.6
37235 2015 12 19  -1.0
37235 2015 12 20   1.3
37235 2015 12 21   5.3
37235 2015 12 22  10.3
37235 2015 12 23   4.7
37235 2015 12 24   5.6
37235 2015 12 25   7.3
37235 2015 12 26   3.9
37235 2015 12 27   2.9
37235 2015 12 28   4.5
37235 2015 12 29   3.1
37235 2015 12 30  -0.6
37235 2015 12 31  -5.9
37235 2016  1  1  -9.0
37235 2016  1  2 -10.5
37235 2016  1  3 -15.7
37235 2016  1  4 -13.7
37235 2016  1  5 -13.0
37235 2016  1  6  -5.2
37235 2016  1  7  -2.2
37235 2016  1  8  -1.3
37235 2016  1  9   2.1
37235 2016  1 10   3.3
37235 2016  1 11   2.5
37235 2016  1 12   0.7
37235 2016  1 13   1.7
37235 2016  1 14   4.7
37235 2016  1 15   4.3
37235 2016  1 16   1.8
37235 2016  1 17   1.3
37235 2016  1 18   1.4
37235 2016  1 19   4.1
37235 2016  1 20   0.7
37235 2016  1 21  -2.5
37235 2016  1 22  -0.5
37235 2016  1 23   1.2
37235 2016  1 24  -2.0
37235 2016  1 25  -6.4
37235 2016  1 26  -9.9
37235 2016  1 27 -11.0
37235 2016  1 28  -3.8
37235 2016  1 29   1.7
37235 2016  1 30   4.2
37235 2016  1 31   2.4
37235 2016  2  1   0.8
37235 2016  2  2   1.2
37235 2016  2  3   1.3
37235 2016  2  4   4.9
37235 2016  2  5   5.1
37235 2016  2  6   2.8
37235 2016  2  7   1.5
37235 2016  2  8  -0.6
37235 2016  2  9  -2.7
37235 2016  2 10  -1.8
37235 2016  2 11   1.7
37235 2016  2 12   1.7
37235 2016  2 13   2.6
37235 2016  2 14   1.0
37235 2016  2 15   3.6
37235 2016  2 16   8.2
37235 2016  2 17  12.8
37235 2016  2 18   2.4
37235 2016  2 19  -0.9
37235 2016  2 20  -1.4
37235 2016  2 21  -0.5
37235 2016  2 22   0.8
37235 2016  2 23   2.2
37235 2016  2 24   3.5
37235 2016  2 25   8.5
37235 2016  2 26   6.4
37235 2016  2 27   4.4
37235 2016  2 28   6.8
37235 2016  2 29   8.7
37235 2016  3  1   4.8
37235 2016  3  2   4.0
37235 2016  3  3   4.7
37235 2016  3  4   9.5
37235 2016  3  5  10.5
37235 2016  3  6   5.4
37235 2016  3  7   7.7
37235 2016  3  8   5.5
37235 2016  3  9   5.4
37235 2016  3 10   3.3
37235 2016  3 11   4.3
37235 2016  3 12   6.7
37235 2016  3 13   8.8
37235 2016  3 14   6.1
37235 2016  3 15   3.4
37235 2016  3 16  -0.3
37235 2016  3 17   1.4
37235 2016  3 18   6.8
37235 2016  3 19   8.3
37235 2016  3 20   2.5
37235 2016  3 21   1.0
37235 2016  3 22   3.5
37235 2016  3 23   5.9
37235 2016  3 24   8.5
37235 2016  3 25   8.5
37235 2016  3 26  11.8
37235 2016  3 27   8.3
37235 2016  3 28   5.4
37235 2016  3 29   5.3
37235 2016  3 30   5.6
37235 2016  3 31   7.1
37235 2016  4  1   8.4
37235 2016  4  2  12.0
37235 2016  4  3   7.3
37235 2016  4  4   7.2
37235 2016  4  5   8.8
37235 2016  4  6  10.8
37235 2016  4  7  12.5
37235 2016  4  8  12.5
37235 2016  4  9   8.9
37235 2016  4 10   9.8
37235 2016  4 11  14.8
37235 2016  4 12  14.1
37235 2016  4 13  16.0
37235 2016  4 14  15.5
37235 2016  4 15  15.4
37235 2016  4 16  11.5
37235 2016  4 17  12.7
37235 2016  4 18  14.2
37235 2016  4 19  18.0
37235 2016  4 20  19.6
37235 2016  4 21  16.5
37235 2016  4 22   9.2
37235 2016  4 23  11.0
37235 2016  4 24   9.4
37235 2016  4 25  11.6
37235 2016  4 26  17.9
37235 2016  4 27  16.0
37235 2016  4 28  13.3
37235 2016  4 29  11.7
37235 2016  4 30  13.6
37235 2016  5  1  13.4
37235 2016  5  2  13.6
37235 2016  5  3  14.5
37235 2016  5  4  11.9
37235 2016  5  5  14.2
37235 2016  5  6  13.7
37235 2016  5  7  13.7
37235 2016  5  8  13.9
37235 2016  5  9  16.0
37235 2016  5 10  15.8
37235 2016  5 11  15.3
37235 2016  5 12  16.1
37235 2016  5 13  15.6
37235 2016  5 14  18.8
37235 2016  5 15  20.2
37235 2016  5 16  17.9
37235 2016  5 17  17.5
37235 2016  5 18  17.0
37235 2016  5 19  16.6
37235 2016  5 20  15.5
37235 2016  5 21  16.3
37235 2016  5 22  17.2
37235 2016  5 23  17.6
37235 2016  5 24  17.8
37235 2016  5 25  17.4
37235 2016  5 26  18.6
37235 2016  5 27  18.8
37235 2016  5 28  19.8
37235 2016  5 29  18.7
37235 2016  5 30  17.7
37235 2016  5 31  18.1
37235 2016  6  1  19.7
37235 2016  6  2  17.7
37235 2016  6  3  17.6
37235 2016  6  4  16.9
37235 2016  6  5  17.6
37235 2016  6  6  18.9
37235 2016  6  7  18.2
37235 2016  6  8  16.0
37235 2016  6  9  14.9
37235 2016  6 10  14.8
37235 2016  6 11  15.6
37235 2016  6 12  17.1
37235 2016  6 13  18.4
37235 2016  6 14  20.4
37235 2016  6 15  22.5
37235 2016  6 16  21.3
37235 2016  6 17  21.2
37235 2016  6 18  22.5
37235 2016  6 19  23.6
37235 2016  6 20  23.6
37235 2016  6 21  24.5
37235 2016  6 22  24.8
37235 2016  6 23  24.4
37235 2016  6 24  23.7
37235 2016  6 25  22.9
37235 2016  6 26  24.6
37235 2016  6 27  24.9
37235 2016  6 28  23.8
37235 2016  6 29  24.5
37235 2016  6 30  24.8
37235 2016  7  1  22.8
37235 2016  7  2  21.6
37235 2016  7  3  22.3
37235 2016  7  4  24.0
37235 2016  7  5  24.8
37235 2016  7  6  24.0
37235 2016  7  7  24.8
37235 2016  7  8  21.4
37235 2016  7  9  21.3
37235 2016  7 10  20.3
37235 2016  7 11  17.5
37235 2016  7 12  20.3
37235 2016  7 13  21.2
37235 2016  7 14  22.7
37235 2016  7 15  23.7
37235 2016  7 16  27.0
37235 2016  7 17  26.6
37235 2016  7 18  26.4
37235 2016  7 19  24.4
37235 2016  7 20  24.1
37235 2016  7 21  25.3
37235 2016  7 22  21.6
37235 2016  7 23  22.5
37235 2016  7 24  21.9
37235 2016  7 25  20.9
37235 2016  7 26  22.7
37235 2016  7 27  23.5
37235 2016  7 28  23.0
37235 2016  7 29  21.9
37235 2016  7 30  22.0
37235 2016  7 31  21.3
37235 2016  8  1  23.9
37235 2016  8  2  25.1
37235 2016  8  3  25.2
37235 2016  8  4  25.9
37235 2016  8  5  26.0
37235 2016  8  6  26.5
37235 2016  8  7  25.2
37235 2016  8  8  26.3
37235 2016  8  9  26.3
37235 2016  8 10  27.2
37235 2016  8 11  27.2
37235 2016  8 12  26.0
37235 2016  8 13  27.6
37235 2016  8 14  27.2
37235 2016  8 15  20.4
37235 2016  8 16  20.2
37235 2016  8 17  22.9
37235 2016  8 18  24.6
37235 2016  8 19  25.2
37235 2016  8 20  25.1
37235 2016  8 21  25.6
37235 2016  8 22  25.3
37235 2016  8 23  25.0
37235 2016  8 24  24.9
37235 2016  8 25  25.7
37235 2016  8 26  25.1
37235 2016  8 27  24.8
37235 2016  8 28  23.1
37235 2016  8 29  24.6
37235 2016  8 30  23.2
37235 2016  8 31  22.6
37235 2016  9  1  20.5
37235 2016  9  2  19.8
37235 2016  9  3  18.7
37235 2016  9  4  19.5
37235 2016  9  5  18.6
37235 2016  9  6  19.1
37235 2016  9  7  21.3
37235 2016  9  8  21.3
37235 2016  9  9  21.3
37235 2016  9 10  21.1
37235 2016  9 11  18.9
37235 2016  9 12  18.7
37235 2016  9 13  19.1
37235 2016  9 14  20.3
37235 2016  9 15  19.8
37235 2016  9 16  17.8
37235 2016  9 17  16.4
37235 2016  9 18  18.0
37235 2016  9 19  17.6
37235 2016  9 20  19.1
37235 2016  9 21  18.9
37235 2016  9 22  16.9
37235 2016  9 23  13.7
37235 2016  9 24  11.9
37235 2016  9 25  12.0
37235 2016  9 26  11.7
37235 2016  9 27  14.6
37235 2016  9 28  14.2
37235 2016  9 29  11.4
37235 2016  9 30  11.5
37235 2016 10  1  13.9
37235 2016 10  2  13.5
37235 2016 10  3  15.7
37235 2016 10  4  15.2
37235 2016 10  5  15.3
37235 2016 10  6  15.8
37235 2016 10  7  15.6
37235 2016 10  8  17.4
37235 2016 10  9  16.7
37235 2016 10 10  14.9
37235 2016 10 11  12.2
37235 2016 10 12  10.9
37235 2016 10 13   8.4
37235 2016 10 14  11.0
37235 2016 10 15  10.3
37235 2016 10 16   6.4
37235 2016 10 17   3.6
37235 2016 10 18   4.2
37235 2016 10 19   6.1
37235 2016 10 20   7.2
37235 2016 10 21   7.8
37235 2016 10 22   6.5
37235 2016 10 23   6.6
37235 2016 10 24   5.8
37235 2016 10 25   2.7
37235 2016 10 26   1.6
37235 2016 10 27   1.7
37235 2016 10 28   3.2
37235 2016 10 29   4.5
37235 2016 10 30   4.9
37235 2016 10 31   6.2
37235 2016 11  1   3.3
37235 2016 11  2   2.8
37235 2016 11  3   1.4
37235 2016 11  4   3.8
37235 2016 11  5   5.1
37235 2016 11  6   5.5
37235 2016 11  7   3.0
37235 2016 11  8   6.4
37235 2016 11  9   9.3
37235 2016 11 10   7.9
37235 2016 11 11  12.8
37235 2016 11 12   9.3
37235 2016 11 13   6.6
37235 2016 11 14   9.5
37235 2016 11 15   6.1
37235 2016 11 16   4.5
37235 2016 11 17   1.1
37235 2016 11 18   0.5
37235 2016 11 19  -0.6
37235 2016 11 20  -1.6
37235 2016 11 21   1.1
37235 2016 11 22  -0.7
37235 2016 11 23  -3.1
37235 2016 11 24  -3.1
37235 2016 11 25  -0.4
37235 2016 11 26  -0.2
37235 2016 11 27   5.4
37235 2016 11 28   3.4
37235 2016 11 29   3.4
37235 2016 11 30   2.9
37235 2016 12  1   1.0
37235 2016 12  2   0.1
37235 2016 12  3   0.5
37235 2016 12  4   1.2
37235 2016 12  5   0.4
37235 2016 12  6  -3.5
37235 2016 12  7  -4.5
37235 2016 12  8  -6.2
37235 2016 12  9  -2.7
37235 2016 12 10   5.9
37235 2016 12 11   3.6
37235 2016 12 12   5.6
37235 2016 12 13   2.4
37235 2016 12 14  -5.6
37235 2016 12 15  -9.2
37235 2016 12 16  -9.8
37235 2016 12 17  -9.1
37235 2016 12 18  -9.8
37235 2016 12 19  -1.4
37235 2016 12 20  -3.0
37235 2016 12 21  -2.8
37235 2016 12 22  -3.4
37235 2016 12 23  -7.8
37235 2016 12 24  -4.7
37235 2016 12 25  -4.5
37235 2016 12 26  -4.0
37235 2016 12 27  -1.8
37235 2016 12 28  -1.9
37235 2016 12 29  -4.9
37235 2016 12 30   0.2
37235 2016 12 31  -1.9
37235 2017  1  1  -2.3
37235 2017  1  2   1.1
37235 2017  1  3  -1.2
37235 2017  1  4  -0.6
37235 2017  1  5  -1.7
37235 2017  1  6  -1.4
37235 2017  1  7  -2.3
37235 2017  1  8  -1.7
37235 2017  1  9  -0.6
37235 2017  1 10   1.4
37235 2017  1 11  -0.4
37235 2017  1 12  -0.3
37235 2017  1 13   1.4
37235 2017  1 14   0.3
37235 2017  1 15   0.5
37235 2017  1 16   0.8
37235 2017  1 17  -0.1
37235 2017  1 18   0.0
37235 2017  1 19  -2.6
37235 2017  1 20  -5.9
37235 2017  1 21  -3.5
37235 2017  1 22  -1.8
37235 2017  1 23  -2.6
37235 2017  1 24  -1.2
37235 2017  1 25   0.4
37235 2017  1 26  -0.3
37235 2017  1 27  -4.2
37235 2017  1 28  -7.2
37235 2017  1 29  -9.4
37235 2017  1 30  -8.8
37235 2017  1 31 -12.0
37235 2017  2  1 -10.8
37235 2017  2  2  -5.6
37235 2017  2  3  -1.6
37235 2017  2  4  -4.1
37235 2017  2  5  -0.9
37235 2017  2  6   1.9
37235 2017  2  7   2.4
37235 2017  2  8  -5.8
37235 2017  2  9  -8.7
37235 2017  2 10  -7.1
37235 2017  2 11  -6.3
37235 2017  2 12  -5.5
37235 2017  2 13  -5.0
37235 2017  2 14  -3.3
37235 2017  2 15  -4.3
37235 2017  2 16  -2.9
37235 2017  2 17  -4.7
37235 2017  2 18  -4.9
37235 2017  2 19  -0.1
37235 2017  2 20   2.0
37235 2017  2 21   2.5
37235 2017  2 22   3.9
37235 2017  2 23   4.5
37235 2017  2 24   8.2
37235 2017  2 25  10.3
37235 2017  2 26   5.1
37235 2017  2 27   1.5
37235 2017  2 28   3.7
37235 2017  3  1   2.4
37235 2017  3  2   4.0
37235 2017  3  3   5.5
37235 2017  3  4   7.9
37235 2017  3  5   6.3
37235 2017  3  6   3.0
37235 2017  3  7   2.4
37235 2017  3  8   4.5
37235 2017  3  9   5.2
37235 2017  3 10   3.1
37235 2017  3 11   4.5
37235 2017  3 12   5.6
37235 2017  3 13   5.0
37235 2017  3 14   5.7
37235 2017  3 15   6.2
37235 2017  3 16   7.4
37235 2017  3 17   7.8
37235 2017  3 18   7.8
37235 2017  3 19   6.8
37235 2017  3 20   4.8
37235 2017  3 21   5.9
37235 2017  3 22   6.3
37235 2017  3 23   3.0
37235 2017  3 24   4.7
37235 2017  3 25   7.0
37235 2017  3 26   8.2
37235 2017  3 27   5.7
37235 2017  3 28   6.3
37235 2017  3 29   8.5
37235 2017  3 30  10.4
37235 2017  3 31   4.4
37235 2017  4  1   2.3
37235 2017  4  2   4.5
37235 2017  4  3   5.4
37235 2017  4  4  10.1
37235 2017  4  5   9.6
37235 2017  4  6   5.5
37235 2017  4  7  10.7
37235 2017  4  8  12.2
37235 2017  4  9  10.3
37235 2017  4 10   5.7
37235 2017  4 11   7.0
37235 2017  4 12  10.6
37235 2017  4 13  11.7
37235 2017  4 14  11.0
37235 2017  4 15  13.9
37235 2017  4 16  13.0
37235 2017  4 17  12.1
37235 2017  4 18  13.1
37235 2017  4 19  11.7
37235 2017  4 20  11.1
37235 2017  4 21  10.4
37235 2017  4 22   8.6
37235 2017  4 23   9.4
37235 2017  4 24  15.3
37235 2017  4 25   7.5
37235 2017  4 26   8.1
37235 2017  4 27   9.2
37235 2017  4 28  13.1
37235 2017  4 29  14.6
37235 2017  4 30  15.7
37235 2017  5  1  17.1
37235 2017  5  2  16.7
37235 2017  5  3  17.8
37235 2017  5  4  17.5
37235 2017  5  5  18.6
37235 2017  5  6  16.0
37235 2017  5  7  15.0
37235 2017  5  8  15.9
37235 2017  5  9  16.5
37235 2017  5 10  18.7
37235 2017  5 11  13.7
37235 2017  5 12  14.0
37235 2017  5 13  14.4
37235 2017  5 14  14.0
37235 2017  5 15  15.9
37235 2017  5 16  15.8
37235 2017  5 17  14.9
37235 2017  5 18  16.0
37235 2017  5 19  16.1
37235 2017  5 20  15.3
37235 2017  5 21  14.4
37235 2017  5 22  16.0
37235 2017  5 23  14.3
37235 2017  5 24  12.3
37235 2017  5 25  12.2
37235 2017  5 26  14.5
37235 2017  5 27  16.6
37235 2017  5 28  17.6
37235 2017  5 29  18.8
37235 2017  5 30  19.7
37235 2017  5 31  18.6
37235 2017  6  1  16.7
37235 2017  6  2  18.7
37235 2017  6  3  19.4
37235 2017  6  4  18.3
37235 2017  6  5  19.7
37235 2017  6  6  19.3
37235 2017  6  7  21.4
37235 2017  6  8  21.8
37235 2017  6  9  22.6
37235 2017  6 10  21.2
37235 2017  6 11  20.8
37235 2017  6 12  19.0
37235 2017  6 13  18.9
37235 2017  6 14  19.5
37235 2017  6 15  19.4
37235 2017  6 16  18.4
37235 2017  6 17  17.5
37235 2017  6 18  17.8
37235 2017  6 19  18.4
37235 2017  6 20  18.6
37235 2017  6 21  19.7
37235 2017  6 22  20.7
37235 2017  6 23  20.2
37235 2017  6 24  21.3
37235 2017  6 25  22.3
37235 2017  6 26  22.4
37235 2017  6 27  21.1
37235 2017  6 28  24.1
37235 2017  6 29  24.6
37235 2017  6 30  24.3
37235 2017  7  1  26.2
37235 2017  7  2  27.5
37235 2017  7  3  28.9
37235 2017  7  4  29.8
37235 2017  7  5  24.2
37235 2017  7  6  21.1
37235 2017  7  7  19.9
37235 2017  7  8  20.4
37235 2017  7  9  20.8
37235 2017  7 10  22.0
37235 2017  7 11  23.5
37235 2017  7 12  23.7
37235 2017  7 13  21.7
37235 2017  7 14  22.0
37235 2017  7 15  23.9
37235 2017  7 16  25.8
37235 2017  7 17  27.0
37235 2017  7 18  28.2
37235 2017  7 19  28.9
37235 2017  7 20  26.4
37235 2017  7 21  25.9
37235 2017  7 22  27.0
37235 2017  7 23  23.9
37235 2017  7 24  24.3
37235 2017  7 25  23.4
37235 2017  7 26  24.5
37235 2017  7 27  25.6
37235 2017  7 28  26.8
37235 2017  7 29  27.1
37235 2017  7 30  26.6
37235 2017  7 31  24.2
37235 2017  8  1  26.0
37235 2017  8  2  26.4
37235 2017  8  3  25.7
37235 2017  8  4  25.8
37235 2017  8  5  27.0
37235 2017  8  6  28.8
37235 2017  8  7  29.7
37235 2017  8  8  29.7
37235 2017  8  9  29.5
37235 2017  8 10  26.1
37235 2017  8 11  24.0
37235 2017  8 12  23.2
37235 2017  8 13  26.0
37235 2017  8 14  25.3
37235 2017  8 15  21.1
37235 2017  8 16  21.5
37235 2017  8 17  23.5
37235 2017  8 18  22.0
37235 2017  8 19  21.4
37235 2017  8 20  23.3
37235 2017  8 21  24.9
37235 2017  8 22  25.1
37235 2017  8 23  25.8
37235 2017  8 24  21.4
37235 2017  8 25  21.8
37235 2017  8 26  23.7
37235 2017  8 27  23.2
37235 2017  8 28  22.5
37235 2017  8 29  25.6
37235 2017  8 30  24.4
37235 2017  8 31  24.8
37235 2017  9  1  21.2
37235 2017  9  2  21.5
37235 2017  9  3  21.0
37235 2017  9  4  23.0
37235 2017  9  5  23.9
37235 2017  9  6  22.4
37235 2017  9  7  20.7
37235 2017  9  8  20.2
37235 2017  9  9  20.1
37235 2017  9 10  21.5
37235 2017  9 11  21.9
37235 2017  9 12  21.2
37235 2017  9 13  22.2
37235 2017  9 14  23.4
37235 2017  9 15  23.7
37235 2017  9 16  23.9
37235 2017  9 17  23.4
37235 2017  9 18  22.6
37235 2017  9 19  23.9
37235 2017  9 20  25.2
37235 2017  9 21  23.6
37235 2017  9 22  22.7
37235 2017  9 23  20.6
37235 2017  9 24  17.1
37235 2017  9 25  17.7
37235 2017  9 26  14.1
37235 2017  9 27  11.4
37235 2017  9 28  10.5
37235 2017  9 29   9.4
37235 2017  9 30  11.4
37235 2017 10  1  11.4
37235 2017 10  2   9.5
37235 2017 10  3   8.1
37235 2017 10  4   7.6
37235 2017 10  5   8.3
37235 2017 10  6  11.2
37235 2017 10  7  12.1
37235 2017 10  8  12.8
37235 2017 10  9  13.2
37235 2017 10 10  14.4
37235 2017 10 11  11.7
37235 2017 10 12  11.5
37235 2017 10 13  13.4
37235 2017 10 14  11.8
37235 2017 10 15  11.2
37235 2017 10 16   8.2
37235 2017 10 17   9.7
37235 2017 10 18  12.2
37235 2017 10 19  10.5
37235 2017 10 20  11.8
37235 2017 10 21  11.8
37235 2017 10 22  10.0
37235 2017 10 23   8.2
37235 2017 10 24   6.1
37235 2017 10 25   8.9
37235 2017 10 26  11.8
37235 2017 10 27   9.0
37235 2017 10 28   8.0
37235 2017 10 29  12.0
37235 2017 10 30  12.4
37235 2017 10 31   9.7
37235 2017 11  1   6.6
37235 2017 11  2   6.3
37235 2017 11  3   5.3
37235 2017 11  4   6.7
37235 2017 11  5   6.9
37235 2017 11  6   8.1
37235 2017 11  7   8.9
37235 2017 11  8   8.2
37235 2017 11  9   7.4
37235 2017 11 10   6.8
37235 2017 11 11   8.6
37235 2017 11 12   8.1
37235 2017 11 13   9.5
37235 2017 11 14   6.4
37235 2017 11 15   8.5
37235 2017 11 16   6.7
37235 2017 11 17   6.0
37235 2017 11 18   5.5
37235 2017 11 19   6.4
37235 2017 11 20   6.5
37235 2017 11 21   7.2
37235 2017 11 22   5.2
37235 2017 11 23   2.7
37235 2017 11 24   0.7
37235 2017 11 25   0.6
37235 2017 11 26  -0.7
37235 2017 11 27  -1.3
37235 2017 11 28  -2.3
37235 2017 11 29  -2.7
37235 2017 11 30   1.3
37235 2017 12  1   4.2
37235 2017 12  2   4.3
37235 2017 12  3   4.4
37235 2017 12  4   3.8
37235 2017 12  5   3.5
37235 2017 12  6   3.5
37235 2017 12  7   2.5
37235 2017 12  8   0.2
37235 2017 12  9   0.6
37235 2017 12 10  -1.0
37235 2017 12 11   1.6
37235 2017 12 12   2.4
37235 2017 12 13   1.4
37235 2017 12 14   1.4
37235 2017 12 15   2.8
37235 2017 12 16   2.9
37235 2017 12 17   3.9
37235 2017 12 18   4.1
37235 2017 12 19   3.9
37235 2017 12 20   4.2
37235 2017 12 21   5.0
37235 2017 12 22   3.1
37235 2017 12 23   0.2
37235 2017 12 24   0.8
37235 2017 12 25   2.9
37235 2017 12 26   4.4
37235 2017 12 27   2.6
37235 2017 12 28   1.8
37235 2017 12 29   1.7
37235 2017 12 30   2.2
37235 2017 12 31   2.8
37235 2018  1  1   1.2
37235 2018  1  2   1.5
37235 2018  1  3  -0.3
37235 2018  1  4  -2.3
37235 2018  1  5  -1.3
37235 2018  1  6   0.4
37235 2018  1  7   1.8
37235 2018  1  8   2.5
37235 2018  1  9   2.7
37235 2018  1 10  -3.0
37235 2018  1 11  -4.7
37235 2018  1 12  -2.4
37235 2018  1 13  -4.8
37235 2018  1 14  -5.5
37235 2018  1 15  -1.9
37235 2018  1 16  -0.8
37235 2018  1 17  -1.7
37235 2018  1 18  -1.8
37235 2018  1 19  -1.0
37235 2018  1 20   0.2
37235 2018  1 21  -1.0
37235 2018  1 22  -0.1
37235 2018  1 23   1.2
37235 2018  1 24   0.8
37235 2018  1 25  -0.2
37235 2018  1 26  -2.4
37235 2018  1 27  -3.3
37235 2018  1 28  -2.1
37235 2018  1 29  -1.5
37235 2018  1 30   0.3
37235 2018  1 31   0.3
37235 2018  2  1   1.3
37235 2018  2  2  -1.0
37235 2018  2  3   1.9
37235 2018  2  4   2.7
37235 2018  2  5   3.6
37235 2018  2  6   2.3
37235 2018  2  7   1.5
37235 2018  2  8   1.5
37235 2018  2  9   2.5
37235 2018  2 10   3.9
37235 2018  2 11   2.9
37235 2018  2 12   2.8
37235 2018  2 13   0.9
37235 2018  2 14  -0.5
37235 2018  2 15   0.6
37235 2018  2 16   2.5
37235 2018  2 17   3.5
37235 2018  2 18   3.7
37235 2018  2 19   3.3
37235 2018  2 20   2.4
37235 2018  2 21   2.2
37235 2018  2 22   2.6
37235 2018  2 23   1.9
37235 2018  2 24   3.3
37235 2018  2 25   3.7
37235 2018  2 26   2.6
37235 2018  2 27  -2.9
37235 2018  2 28  -0.3
37235 2018  3  1   2.8
37235 2018  3  2   1.4
37235 2018  3  3  -1.0
37235 2018  3  4   3.8
37235 2018  3  5   3.2
37235 2018  3  6   1.0
37235 2018  3  7   2.0
37235 2018  3  8   4.7
37235 2018  3  9   5.3
37235 2018  3 10   4.3
37235 2018  3 11   4.4
37235 2018  3 12  -1.1
37235 2018  3 13  -2.0
37235 2018  3 14   0.4
37235 2018  3 15   3.9
37235 2018  3 16   5.6
37235 2018  3 17   5.1
37235 2018  3 18   8.3
37235 2018  3 19   9.2
37235 2018  3 20   8.1
37235 2018  3 21   8.3
37235 2018  3 22   9.8
37235 2018  3 23   3.2
37235 2018  3 24   5.8
37235 2018  3 25   8.2
37235 2018  3 26   5.4
37235 2018  3 27   7.6
37235 2018  3 28   9.2
37235 2018  3 29  10.0
37235 2018  3 30   5.7
37235 2018  3 31   4.7
37235 2018  4  1   5.7
37235 2018  4  2   6.1
37235 2018  4  3   9.1
37235 2018  4  4   7.6
37235 2018  4  5   8.5
37235 2018  4  6   9.7
37235 2018  4  7   7.9
37235 2018  4  8   7.4
37235 2018  4  9   8.9
37235 2018  4 10   8.3
37235 2018  4 11  12.5
37235 2018  4 12  14.5
37235 2018  4 13  12.7
37235 2018  4 14   9.7
37235 2018  4 15   8.7
37235 2018  4 16   8.8
37235 2018  4 17  10.5
37235 2018  4 18  10.6
37235 2018  4 19  13.5
37235 2018  4 20  12.8
37235 2018  4 21  11.6
37235 2018  4 22  13.3
37235 2018  4 23  14.2
37235 2018  4 24  11.7
37235 2018  4 25  12.5
37235 2018  4 26  15.4
37235 2018  4 27  16.5
37235 2018  4 28  18.4
37235 2018  4 29  16.4
37235 2018  4 30  15.7
37235 2018  5  1  15.2
37235 2018  5  2  17.3
37235 2018  5  3  18.5
37235 2018  5  4  19.3
37235 2018  5  5  19.5
37235 2018  5  6  19.0
37235 2018  5  7  17.5
37235 2018  5  8  17.3
37235 2018  5  9  18.5
37235 2018  5 10  17.6
37235 2018  5 11  16.4
37235 2018  5 12  12.3
37235 2018  5 13  15.3
37235 2018  5 14  17.9
37235 2018  5 15  19.9
37235 2018  5 16  19.6
37235 2018  5 17  19.9
37235 2018  5 18  20.0
37235 2018  5 19  21.6
37235 2018  5 20  22.0
37235 2018  5 21  20.0
37235 2018  5 22  21.9
37235 2018  5 23  23.7
37235 2018  5 24  24.5
37235 2018  5 25  23.7
37235 2018  5 26  19.6
37235 2018  5 27  18.6
37235 2018  5 28  17.9
37235 2018  5 29  18.9
37235 2018  5 30  17.1
37235 2018  5 31  20.0
37235 2018  6  1  19.4
37235 2018  6  2  16.2
37235 2018  6  3  16.2
37235 2018  6  4  19.7
37235 2018  6  5  21.4
37235 2018  6  6  24.2
37235 2018  6  7  21.6
37235 2018  6  8  21.5
37235 2018  6  9  22.1
37235 2018  6 10  22.0
37235 2018  6 11  21.0
37235 2018  6 12  20.7
37235 2018  6 13  20.3
37235 2018  6 14  22.7
37235 2018  6 15  24.2
37235 2018  6 16  24.8
37235 2018  6 17  21.2
37235 2018  6 18  20.7
37235 2018  6 19  21.2
37235 2018  6 20  23.3
37235 2018  6 21  25.3
37235 2018  6 22  26.3
37235 2018  6 23  25.5
37235 2018  6 24  24.6
37235 2018  6 25  25.8
37235 2018  6 26  27.0
37235 2018  6 27  27.6
37235 2018  6 28  28.6
37235 2018  6 29  27.7
37235 2018  6 30  29.3
37235 2018  7  1  30.9
37235 2018  7  2  30.6
37235 2018  7  3  31.2
37235 2018  7  4  30.2
37235 2018  7  5  27.4
37235 2018  7  6  25.9
37235 2018  7  7  22.7
37235 2018  7  8  25.0
37235 2018  7  9  26.1
37235 2018  7 10  27.6
37235 2018  7 11  28.5
37235 2018  7 12  28.8
37235 2018  7 13  26.1
37235 2018  7 14  23.8
37235 2018  7 15  24.6
37235 2018  7 16  22.6
37235 2018  7 17  23.8
37235 2018  7 18  24.9
37235 2018  7 19  26.4
37235 2018  7 20  26.3
37235 2018  7 21  23.8
37235 2018  7 22  24.8
37235 2018  7 23  22.4
37235 2018  7 24  24.2
37235 2018  7 25  25.1
37235 2018  7 26  27.4
37235 2018  7 27  27.7
37235 2018  7 28  27.6
37235 2018  7 29  28.9
37235 2018  7 30  28.8
37235 2018  7 31  29.3
37235 2018  8  1  28.9
37235 2018  8  2  24.4
37235 2018  8  3  23.7
37235 2018  8  4  22.4
37235 2018  8  5  24.4
37235 2018  8  6  25.9
37235 2018  8  7  26.5
37235 2018  8  8  25.5
37235 2018  8  9  21.6
37235 2018  8 10  17.7
37235 2018  8 11  16.2
37235 2018  8 12  18.5
37235 2018  8 13  19.1
37235 2018  8 14  22.2
37235 2018  8 15  22.0
37235 2018  8 16  22.4
37235 2018  8 17  22.7
37235 2018  8 18  24.7
37235 2018  8 19  22.5
37235 2018  8 20  20.6
37235 2018  8 21  20.4
37235 2018  8 22  21.8
37235 2018  8 23  23.2
37235 2018  8 24  23.1
37235 2018  8 25  21.6
37235 2018  8 26  22.3
37235 2018  8 27  22.7
37235 2018  8 28  22.5
37235 2018  8 29  23.0
37235 2018  8 30  24.6
37235 2018  8 31  23.3
37235 2018  9  1  23.3
37235 2018  9  2  22.6
37235 2018  9  3  22.3
37235 2018  9  4  21.5
37235 2018  9  5  20.7
37235 2018  9  6  21.3
37235 2018  9  7  21.7
37235 2018  9  8  22.4
37235 2018  9  9  20.9
37235 2018  9 10  19.7
37235 2018  9 11  20.9
37235 2018  9 12  21.5
37235 2018  9 13  21.1
37235 2018  9 14  21.2
37235 2018  9 15  22.9
37235 2018  9 16  22.9
37235 2018  9 17  19.4
37235 2018  9 18  19.2
37235 2018  9 19  17.3
37235 2018  9 20  19.0
37235 2018  9 21  18.7
37235 2018  9 22  19.0
37235 2018  9 23  19.5
37235 2018  9 24  20.3
37235 2018  9 25  20.6
37235 2018  9 26  15.3
37235 2018  9 27  13.6
37235 2018  9 28  15.6
37235 2018  9 29  15.5
37235 2018  9 30  16.5
37235 2018 10  1  18.0
37235 2018 10  2  17.3
37235 2018 10  3  19.8
37235 2018 10  4  18.6
37235 2018 10  5  13.3
37235 2018 10  6  11.1
37235 2018 10  7   9.4
37235 2018 10  8  12.2
37235 2018 10  9  14.0
37235 2018 10 10  15.1
37235 2018 10 11  16.3
37235 2018 10 12  14.8
37235 2018 10 13  13.3
37235 2018 10 14  12.0
37235 2018 10 15  12.5
37235 2018 10 16  14.1
37235 2018 10 17  13.7
37235 2018 10 18  13.7
37235 2018 10 19  12.3
37235 2018 10 20  13.2
37235 2018 10 21  13.2
37235 2018 10 22  14.6
37235 2018 10 23  14.5
37235 2018 10 24  13.0
37235 2018 10 25  13.2
37235 2018 10 26  10.9
37235 2018 10 27  10.3
37235 2018 10 28   8.7
37235 2018 10 29  10.3
37235 2018 10 30   9.8
37235 2018 10 31  10.9
37235 2018 11  1   8.5
37235 2018 11  2   9.8
37235 2018 11  3   8.9
37235 2018 11  4   7.8
37235 2018 11  5   8.6
37235 2018 11  6   8.7
37235 2018 11  7   6.7
37235 2018 11  8   7.9
37235 2018 11  9   6.1
37235 2018 11 10   6.4
37235 2018 11 11   4.6
37235 2018 11 12   3.9
37235 2018 11 13   3.0
37235 2018 11 14   4.4
37235 2018 11 15   5.5
37235 2018 11 16   5.7
37235 2018 11 17   4.9
37235 2018 11 18   4.1
37235 2018 11 19   3.3
37235 2018 11 20   2.3
37235 2018 11 21   3.8
37235 2018 11 22   3.1
37235 2018 11 23   2.4
37235 2018 11 24  -0.4
37235 2018 11 25  -0.6
37235 2018 11 26   0.5
37235 2018 11 27   1.5
37235 2018 11 28   3.0
37235 2018 11 29   1.6
37235 2018 11 30  -2.3
37235 2018 12  1  -0.3
37235 2018 12  2   2.3
37235 2018 12  3   3.3
37235 2018 12  4   1.5
37235 2018 12  5   2.5
37235 2018 12  6   5.2
37235 2018 12  7   3.6
37235 2018 12  8   3.2
37235 2018 12  9   1.8
37235 2018 12 10   2.5
37235 2018 12 11   3.0
37235 2018 12 12   2.8
37235 2018 12 13   3.6
37235 2018 12 14   0.3
37235 2018 12 15   0.7
37235 2018 12 16  -0.1
37235 2018 12 17  -3.2
37235 2018 12 18  -2.0
37235 2018 12 19  -0.1
37235 2018 12 20   1.3
37235 2018 12 21   1.9
37235 2018 12 22   2.1
37235 2018 12 23   0.9
37235 2018 12 24   2.2
37235 2018 12 25   0.4
37235 2018 12 26   1.5
37235 2018 12 27   1.1
37235 2018 12 28   0.3
37235 2018 12 29  -1.1
37235 2018 12 30  -0.8
37235 2018 12 31  -0.3
37235 2019  1  1   0.5
37235 2019  1  2  -1.0
37235 2019  1  3   0.2
37235 2019  1  4   1.0
37235 2019  1  5   0.4
37235 2019  1  6   1.1
37235 2019  1  7  -0.1
37235 2019  1  8  -2.9
37235 2019  1  9  -1.7
37235 2019  1 10  -0.8
37235 2019  1 11  -3.2
37235 2019  1 12  -1.7
37235 2019  1 13   0.8
37235 2019  1 14  -1.2
37235 2019  1 15  -0.9
37235 2019  1 16   2.1
37235 2019  1 17   0.4
37235 2019  1 18  -1.9
37235 2019  1 19  -2.1
37235 2019  1 20   1.3
37235 2019  1 21   1.2
37235 2019  1 22  -1.2
37235 2019  1 23  -0.9
37235 2019  1 24  -0.2
37235 2019  1 25   2.1
37235 2019  1 26   2.2
37235 2019  1 27   1.5
37235 2019  1 28   3.4
37235 2019  1 29   3.7
37235 2019  1 30   1.3
37235 2019  1 31   2.5
37235 2019  2  1   2.5
37235 2019  2  2   3.2
37235 2019  2  3   3.2
37235 2019  2  4   0.7
37235 2019  2  5  -1.7
37235 2019  2  6  -0.8
37235 2019  2  7   2.4
37235 2019  2  8   2.3
37235 2019  2  9   0.5
37235 2019  2 10   0.5
37235 2019  2 11   1.1
37235 2019  2 12   0.6
37235 2019  2 13   0.5
37235 2019  2 14   1.6
37235 2019  2 15   1.8
37235 2019  2 16   2.9
37235 2019  2 17   1.6
37235 2019  2 18   3.3
37235 2019  2 19   0.8
37235 2019  2 20  -1.1
37235 2019  2 21   1.5
37235 2019  2 22   2.5
37235 2019  2 23   2.6
37235 2019  2 24   2.8
37235 2019  2 25   0.2
37235 2019  2 26   2.1
37235 2019  2 27   1.5
37235 2019  2 28   1.9
37235 2019  3  1   3.6
37235 2019  3  2   4.0
37235 2019  3  3   0.9
37235 2019  3  4   1.0
37235 2019  3  5   3.0
37235 2019  3  6   5.9
37235 2019  3  7   4.6
37235 2019  3  8   5.0
37235 2019  3  9   4.7
37235 2019  3 10   7.8
37235 2019  3 11   8.8
37235 2019  3 12  10.3
37235 2019  3 13  11.3
37235 2019  3 14   5.4
37235 2019  3 15   4.1
37235 2019  3 16   6.5
37235 2019  3 17   7.3
37235 2019  3 18   6.7
37235 2019  3 19   6.0
37235 2019  3 20   6.2
37235 2019  3 21   7.4
37235 2019  3 22   7.3
37235 2019  3 23   7.1
37235 2019  3 24   3.3
37235 2019  3 25   5.3
37235 2019  3 26   4.9
37235 2019  3 27   5.4
37235 2019  3 28   5.3
37235 2019  3 29   4.1
37235 2019  3 30   4.5
37235 2019  3 31   6.1
37235 2019  4  1   5.7
37235 2019  4  2   8.1
37235 2019  4  3   8.6
37235 2019  4  4   8.0
37235 2019  4  5   8.7
37235 2019  4  6   8.6
37235 2019  4  7  11.7
37235 2019  4  8  10.9
37235 2019  4  9  12.5
37235 2019  4 10  14.9
37235 2019  4 11  11.9
37235 2019  4 12  13.9
37235 2019  4 13  14.5
37235 2019  4 14  14.1
37235 2019  4 15  11.2
37235 2019  4 16  12.8
37235 2019  4 17  10.9
37235 2019  4 18   4.4
37235 2019  4 19   4.1
37235 2019  4 20   4.6
37235 2019  4 21   6.1
37235 2019  4 22   6.9
37235 2019  4 23   7.8
37235 2019  4 24  11.4
37235 2019  4 25  14.8
37235 2019  4 26  15.6
37235 2019  4 27  16.0
37235 2019  4 28  16.7
37235 2019  4 29  17.6
37235 2019  4 30  16.8
37235 2019  5  1  16.3
37235 2019  5  2  17.4
37235 2019  5  3  16.3
37235 2019  5  4  13.3
37235 2019  5  5  12.0
37235 2019  5  6  14.0
37235 2019  5  7  14.0
37235 2019  5  8  17.5
37235 2019  5  9  18.8
37235 2019  5 10  15.3
37235 2019  5 11  15.7
37235 2019  5 12  17.1
37235 2019  5 13  16.7
37235 2019  5 14  17.1
37235 2019  5 15  19.6
37235 2019  5 16  20.8
37235 2019  5 17  21.3
37235 2019  5 18  19.0
37235 2019  5 19  18.7
37235 2019  5 20  19.2
37235 2019  5 21  18.7
37235 2019  5 22  15.7
37235 2019  5 23  18.0
37235 2019  5 24  19.3
37235 2019  5 25  19.4
37235 2019  5 26  19.7
37235 2019  5 27  18.1
37235 2019  5 28  19.6
37235 2019  5 29  21.0
37235 2019  5 30  22.9
37235 2019  5 31  23.8
37235 2019  6  1  24.7
37235 2019  6  2  25.7
37235 2019  6  3  26.5
37235 2019  6  4  24.9
37235 2019  6  5  22.5
37235 2019  6  6  21.1
37235 2019  6  7  21.9
37235 2019  6  8  23.0
37235 2019  6  9  22.8
37235 2019  6 10  23.0
37235 2019  6 11  23.3
37235 2019  6 12  24.1
37235 2019  6 13  24.7
37235 2019  6 14  24.3
37235 2019  6 15  22.2
37235 2019  6 16  23.3
37235 2019  6 17  23.2
37235 2019  6 18  23.6
37235 2019  6 19  25.6
37235 2019  6 20  24.2
37235 2019  6 21  22.5
37235 2019  6 22  24.7
37235 2019  6 23  25.1
37235 2019  6 24  26.6
37235 2019  6 25  27.3
37235 2019  6 26  28.3
37235 2019  6 27  24.8
37235 2019  6 28  26.0
37235 2019  6 29  22.3
37235 2019  6 30  17.2
37235 2019  7  1  18.0
37235 2019  7  2  23.6
37235 2019  7  3  24.7
37235 2019  7  4  26.8
37235 2019  7  5  24.1
37235 2019  7  6  22.5
37235 2019  7  7  23.6
37235 2019  7  8  25.2
37235 2019  7  9  24.2
37235 2019  7 10  22.9
37235 2019  7 11  24.1
37235 2019  7 12  21.2
37235 2019  7 13  18.9
37235 2019  7 14  19.5
37235 2019  7 15  20.3
37235 2019  7 16  23.2
37235 2019  7 17  22.1
37235 2019  7 18  24.6
37235 2019  7 19  23.3
37235 2019  7 20  23.4
37235 2019  7 21  26.1
37235 2019  7 22  23.2
37235 2019  7 23  20.9
37235 2019  7 24  22.5
37235 2019  7 25  24.8
37235 2019  7 26  23.0
37235 2019  7 27  23.4
37235 2019  7 28  23.8
37235 2019  7 29  25.7
37235 2019  7 30  26.6
37235 2019  7 31  28.5
37235 2019  8  1  27.4
37235 2019  8  2  21.9
37235 2019  8  3  22.2
37235 2019  8  4  22.5
37235 2019  8  5  20.9
37235 2019  8  6  21.7
37235 2019  8  7  19.3
37235 2019  8  8  22.2
37235 2019  8  9  23.0
37235 2019  8 10  26.7
37235 2019  8 11  23.5
37235 2019  8 12  22.7
37235 2019  8 13  22.3
37235 2019  8 14  21.8
37235 2019  8 15  20.9
37235 2019  8 16  23.9
37235 2019  8 17  25.2
37235 2019  8 18  24.4
37235 2019  8 19  26.5
37235 2019  8 20  27.5
37235 2019  8 21  27.7
37235 2019  8 22  25.3
37235 2019  8 23  25.8
37235 2019  8 24  26.8
37235 2019  8 25  23.9
37235 2019  8 26  20.6
37235 2019  8 27  21.1
37235 2019  8 28  23.5
37235 2019  8 29  19.7
37235 2019  8 30  18.4
37235 2019  8 31  19.5
37235 2019  9  1  19.2
37235 2019  9  2  19.3
37235 2019  9  3  21.4
37235 2019  9  4  21.0
37235 2019  9  5  21.8
37235 2019  9  6  20.5
37235 2019  9  7  17.3
37235 2019  9  8  16.9
37235 2019  9  9  16.4
37235 2019  9 10  17.1
37235 2019  9 11  16.8
37235 2019  9 12  16.1
37235 2019  9 13  16.2
37235 2019  9 14  17.0
37235 2019  9 15  18.0
37235 2019  9 16  19.2
37235 2019  9 17  20.8
37235 2019  9 18  19.1
37235 2019  9 19  18.4
37235 2019  9 20  16.8
37235 2019  9 21  12.9
37235 2019  9 22  11.9
37235 2019  9 23  12.2
37235 2019  9 24  14.1
37235 2019  9 25  16.0
37235 2019  9 26  15.6
37235 2019  9 27  14.3
37235 2019  9 28  15.5
37235 2019  9 29  14.1
37235 2019  9 30  15.0
37235 2019 10  1  14.5
37235 2019 10  2  17.2
37235 2019 10  3  16.7
37235 2019 10  4  17.6
37235 2019 10  5  18.4
37235 2019 10  6  18.1
37235 2019 10  7  14.3
37235 2019 10  8  12.0
37235 2019 10  9  11.5
37235 2019 10 10  10.9
37235 2019 10 11  13.8
37235 2019 10 12  12.2
37235 2019 10 13  10.8
37235 2019 10 14  12.3
37235 2019 10 15  12.7
37235 2019 10 16  13.9
37235 2019 10 17  12.7
37235 2019 10 18  12.9
37235 2019 10 19  13.1
37235 2019 10 20  13.1
37235 2019 10 21  11.6
37235 2019 10 22  10.4
37235 2019 10 23   9.9
37235 2019 10 24  10.8
37235 2019 10 25  11.0
37235 2019 10 26  10.9
37235 2019 10 27  12.2
37235 2019 10 28  11.0
37235 2019 10 29  10.5
37235 2019 10 30  12.2
37235 2019 10 31   7.3
37235 2019 11  1   1.3
37235 2019 11  2  -1.2
37235 2019 11  3  -2.0
37235 2019 11  4  -1.7
37235 2019 11  5  -0.9
37235 2019 11  6   7.7
37235 2019 11  7   9.7
37235 2019 11  8   8.2
37235 2019 11  9   8.4
37235 2019 11 10   8.0
37235 2019 11 11   7.8
37235 2019 11 12   7.7
37235 2019 11 13   6.7
37235 2019 11 14   6.3
37235 2019 11 15   6.2
37235 2019 11 16   4.7
37235 2019 11 17   1.3
37235 2019 11 18   2.5
37235 2019 11 19   5.1
37235 2019 11 20   3.2
37235 2019 11 21   0.0
37235 2019 11 22  -2.4
37235 2019 11 23  -2.4
37235 2019 11 24  -2.0
37235 2019 11 25   0.4
37235 2019 11 26   1.5
37235 2019 11 27   2.7
37235 2019 11 28   3.7
37235 2019 11 29   7.1
37235 2019 11 30   6.2
37235 2019 12  1   5.2
37235 2019 12  2   3.6
37235 2019 12  3   0.4
37235 2019 12  4   0.8
37235 2019 12  5  -1.9
37235 2019 12  6  -0.8
37235 2019 12  7  -1.7
37235 2019 12  8  -0.6
37235 2019 12  9   1.8
37235 2019 12 10   0.1
37235 2019 12 11  -1.3
37235 2019 12 12  -3.3
37235 2019 12 13  -2.2
37235 2019 12 14   0.7
37235 2019 12 15   2.1
37235 2019 12 16   3.6
37235 2019 12 17   5.8
37235 2019 12 18   4.1
37235 2019 12 19   5.2
37235 2019 12 20   8.8
37235 2019 12 21   2.3
37235 2019 12 22   1.1
37235 2019 12 23   2.6
37235 2019 12 24   3.0
37235 2019 12 25   3.4
37235 2019 12 26   2.8
37235 2019 12 27   1.3
37235 2019 12 28   2.9
37235 2019 12 29   2.8
37235 2019 12 30   1.7
37235 2019 12 31   1.5
37235 2020  1  1   2.9
37235 2020  1  2   1.5
37235 2020  1  3   1.3
37235 2020  1  4  -1.9
37235 2020  1  5  -1.9
37235 2020  1  6  -2.9
37235 2020  1  7   0.4
37235 2020  1  8   0.6
37235 2020  1  9   2.0
37235 2020  1 10   1.8
37235 2020  1 11   2.0
37235 2020  1 12   4.3
37235 2020  1 13   1.5
37235 2020  1 14   1.3
37235 2020  1 15   2.6
37235 2020  1 16   0.3
37235 2020  1 17   0.8
37235 2020  1 18   0.9
37235 2020  1 19   0.2
37235 2020  1 20  -0.6
37235 2020  1 21  -2.3
37235 2020  1 22  -0.3
37235 2020  1 23   2.3
37235 2020  1 24  -1.4
37235 2020  1 25  -1.6
37235 2020  1 26   2.2
37235 2020  1 27   4.7
37235 2020  1 28   2.4
37235 2020  1 29   1.5
37235 2020  1 30   3.5
37235 2020  1 31   2.7
37235 2020  2  1   1.9
37235 2020  2  2   2.2
37235 2020  2  3   7.3
37235 2020  2  4   5.3
37235 2020  2  5   2.3
37235 2020  2  6   3.7
37235 2020  2  7   3.3
37235 2020  2  8   0.2
37235 2020  2  9  -7.4
37235 2020  2 10 -10.4
37235 2020  2 11 -12.4
37235 2020  2 12  -9.6
37235 2020  2 13  -2.3
37235 2020  2 14   2.3
37235 2020  2 15  -0.3
37235 2020  2 16  -0.2
37235 2020  2 17   0.9
37235 2020  2 18   1.1
37235 2020  2 19   4.4
37235 2020  2 20   5.2
37235 2020  2 21   2.5
37235 2020  2 22   1.6
37235 2020  2 23   3.5
37235 2020  2 24   4.0
37235 2020  2 25   3.4
37235 2020  2 26   5.0
37235 2020  2 27   6.1
37235 2020  2 28   9.7
37235 2020  2 29   7.3
37235 2020  3  1   2.3
37235 2020  3  2   2.6
37235 2020  3  3   3.8
37235 2020  3  4   8.2
37235 2020  3  5   5.0
37235 2020  3  6   6.1
37235 2020  3  7   8.0
37235 2020  3  8  10.1
37235 2020  3  9   9.7
37235 2020  3 10   4.7
37235 2020  3 11  10.6
37235 2020  3 12  11.2
37235 2020  3 13  12.2
37235 2020  3 14  10.4
37235 2020  3 15   9.7
37235 2020  3 16   2.3
37235 2020  3 17   0.4
37235 2020  3 18   0.5
37235 2020  3 19   2.6
37235 2020  3 20   5.1
37235 2020  3 21   7.8
37235 2020  3 22   6.7
37235 2020  3 23   8.3
37235 2020  3 24   5.9
37235 2020  3 25   7.3
37235 2020  3 26   9.5
37235 2020  3 27   7.4
37235 2020  3 28   7.0
37235 2020  3 29   9.3
37235 2020  3 30  11.5
37235 2020  3 31  11.2
37235 2020  4  1  12.4
37235 2020  4  2   3.8
37235 2020  4  3   2.8
37235 2020  4  4   7.5
37235 2020  4  5   8.3
37235 2020  4  6   8.1
37235 2020  4  7   5.6
37235 2020  4  8   5.0
37235 2020  4  9   5.8
37235 2020  4 10   6.1
37235 2020  4 11   8.8
37235 2020  4 12   7.5
37235 2020  4 13   7.9
37235 2020  4 14   8.8
37235 2020  4 15  12.5
37235 2020  4 16   8.8
37235 2020  4 17   9.6
37235 2020  4 18  11.3
37235 2020  4 19  12.8
37235 2020  4 20  13.2
37235 2020  4 21   9.1
37235 2020  4 22   6.7
37235 2020  4 23   7.1
37235 2020  4 24   9.2
37235 2020  4 25   9.3
37235 2020  4 26  10.0
37235 2020  4 27  13.2
37235 2020  4 28  10.2
37235 2020  4 29  12.0
37235 2020  4 30  12.7
37235 2020  5  1  14.9
37235 2020  5  2  16.0
37235 2020  5  3  14.7
37235 2020  5  4  16.2
37235 2020  5  5  18.6
37235 2020  5  6  17.9
37235 2020  5  7  13.6
37235 2020  5  8  15.7
37235 2020  5  9  11.6
37235 2020  5 10  10.2
37235 2020  5 11  13.1
37235 2020  5 12  16.1
37235 2020  5 13  15.8
37235 2020  5 14  15.7
37235 2020  5 15  15.8
37235 2020  5 16  20.7
37235 2020  5 17  14.4
37235 2020  5 18  14.3
37235 2020  5 19  17.6
37235 2020  5 20  18.5
37235 2020  5 21  19.0
37235 2020  5 22  20.2
37235 2020  5 23  14.5
37235 2020  5 24  12.2
37235 2020  5 25  13.9
37235 2020  5 26  15.8
37235 2020  5 27  19.0
37235 2020  5 28  18.5
37235 2020  5 29  20.5
37235 2020  5 30  20.6
37235 2020  5 31  19.0
37235 2020  6  1  19.1
37235 2020  6  2  20.3
37235 2020  6  3  23.1
37235 2020  6  4  18.9
37235 2020  6  5  17.8
37235 2020  6  6  19.9
37235 2020  6  7  20.2
37235 2020  6  8  20.7
37235 2020  6  9  23.0
37235 2020  6 10  25.2
37235 2020  6 11  25.6
37235 2020  6 12  24.9
37235 2020  6 13  24.4
37235 2020  6 14  24.4
37235 2020  6 15  24.4
37235 2020  6 16  25.0
37235 2020  6 17  24.3
37235 2020  6 18  21.2
37235 2020  6 19  22.4
37235 2020  6 20  23.9
37235 2020  6 21  24.1
37235 2020  6 22  24.4
37235 2020  6 23  24.3
37235 2020  6 24  25.5
37235 2020  6 25  22.6
37235 2020  6 26  22.3
37235 2020  6 27  19.8
37235 2020  6 28  20.6
37235 2020  6 29  23.6
37235 2020  6 30  25.5
37235 2020  7  1  24.6
37235 2020  7  2  23.9
37235 2020  7  3  23.5
37235 2020  7  4  24.8
37235 2020  7  5  25.8
37235 2020  7  6  27.8
37235 2020  7  7  29.1
37235 2020  7  8  28.7
37235 2020  7  9  24.7
37235 2020  7 10  24.1
37235 2020  7 11  25.7
37235 2020  7 12  26.7
37235 2020  7 13  25.6
37235 2020  7 14  23.0
37235 2020  7 15  25.0
37235 2020  7 16  26.0
37235 2020  7 17  25.6
37235 2020  7 18  26.6
37235 2020  7 19  28.0
37235 2020  7 20  29.7
37235 2020  7 21  29.1
37235 2020  7 22  24.4
37235 2020  7 23  26.3
37235 2020  7 24  27.8
37235 2020  7 25  27.1
37235 2020  7 26  24.8
37235 2020  7 27  25.6
37235 2020  7 28  24.8
37235 2020  7 29  22.9
37235 2020  7 30  24.6
37235 2020  7 31  23.8
37235 2020  8  1  27.1
37235 2020  8  2  21.6
37235 2020  8  3  21.2
37235 2020  8  4  22.1
37235 2020  8  5  23.0
37235 2020  8  6  24.5
37235 2020  8  7  25.0
37235 2020  8  8  27.0
37235 2020  8  9  25.7
37235 2020  8 10  24.9
37235 2020  8 11  21.3
37235 2020  8 12  23.0
37235 2020  8 13  24.5
37235 2020  8 14  21.5
37235 2020  8 15  20.4
37235 2020  8 16  19.5
37235 2020  8 17  21.2
37235 2020  8 18  21.4
37235 2020  8 19  22.7
37235 2020  8 20  23.0
37235 2020  8 21  19.5
37235 2020  8 22  16.9
37235 2020  8 23  17.4
37235 2020  8 24  19.1
37235 2020  8 25  18.7
37235 2020  8 26  19.0
37235 2020  8 27  22.0
37235 2020  8 28  23.1
37235 2020  8 29  24.1
37235 2020  8 30  23.2
37235 2020  8 31  23.0
37235 2020  9  1  21.1
37235 2020  9  2  22.8
37235 2020  9  3  24.0
37235 2020  9  4  22.5
37235 2020  9  5  21.7
37235 2020  9  6  21.5
37235 2020  9  7  22.2
37235 2020  9  8  23.1
37235 2020  9  9  20.8
37235 2020  9 10  21.3
37235 2020  9 11  19.2
37235 2020  9 12  21.2
37235 2020  9 13  20.8
37235 2020  9 14  20.4
37235 2020  9 15  22.0
37235 2020  9 16  20.5
37235 2020  9 17  19.4
37235 2020  9 18  17.7
37235 2020  9 19  17.8
37235 2020  9 20  15.3
37235 2020  9 21  15.8
37235 2020  9 22  16.0
37235 2020  9 23  17.2
37235 2020  9 24  18.0
37235 2020  9 25  18.4
37235 2020  9 26  18.5
37235 2020  9 27  18.2
37235 2020  9 28  17.2
37235 2020  9 29  15.2
37235 2020  9 30  14.9
37235 2020 10  1  15.8
37235 2020 10  2  15.5
37235 2020 10  3  16.0
37235 2020 10  4  16.1
37235 2020 10  5  14.8
37235 2020 10  6  14.1
37235 2020 10  7  12.9
37235 2020 10  8  12.2
37235 2020 10  9  13.3
37235 2020 10 10  13.2
37235 2020 10 11  14.1
37235 2020 10 12  14.3
37235 2020 10 13  15.1
37235 2020 10 14  15.0
37235 2020 10 15  15.3
37235 2020 10 16  16.1
37235 2020 10 17  15.7
37235 2020 10 18  13.9
37235 2020 10 19  14.8
37235 2020 10 20  14.7
37235 2020 10 21  11.8
37235 2020 10 22   9.6
37235 2020 10 23  14.6
37235 2020 10 24  13.5
37235 2020 10 25  13.4
37235 2020 10 26  13.9
37235 2020 10 27  12.3
37235 2020 10 28  13.6
37235 2020 10 29  10.4
37235 2020 10 30  13.5
37235 2020 10 31  12.2
37235 2020 11  1  14.2
37235 2020 11  2  13.5
37235 2020 11  3  13.1
37235 2020 11  4  11.2
37235 2020 11  5   9.2
37235 2020 11  6   9.4
37235 2020 11  7   6.9
37235 2020 11  8   8.6
37235 2020 11  9   7.5
37235 2020 11 10   6.6
37235 2020 11 11   6.2
37235 2020 11 12   3.5
37235 2020 11 13   0.9
37235 2020 11 14   0.7
37235 2020 11 15   3.4
37235 2020 11 16   4.3
37235 2020 11 17   5.0
37235 2020 11 18   5.2
37235 2020 11 19   4.3
37235 2020 11 20   3.7
37235 2020 11 21   5.2
37235 2020 11 22   3.5
37235 2020 11 23   2.2
37235 2020 11 24   0.6
37235 2020 11 25   1.7
37235 2020 11 26   2.2
37235 2020 11 27   1.6
37235 2020 11 28  -0.1
37235 2020 11 29  -0.5
37235 2020 11 30   2.5
37235 2020 12  1   3.6
37235 2020 12  2   3.0
37235 2020 12  3   1.7
37235 2020 12  4   3.5
37235 2020 12  5   3.7
37235 2020 12  6   0.0
37235 2020 12  7  -0.6
37235 2020 12  8  -0.7
37235 2020 12  9  -0.1
37235 2020 12 10   0.6
37235 2020 12 11  -1.1
37235 2020 12 12  -0.5
37235 2020 12 13  -0.1
37235 2020 12 14   0.2
37235 2020 12 15   0.6
37235 2020 12 16   1.3
37235 2020 12 17   1.2
37235 2020 12 18   0.3
37235 2020 12 19   1.3
37235 2020 12 20  -0.1
37235 2020 12 21  -0.1
37235 2020 12 22  -0.3
37235 2020 12 23  -1.1
37235 2020 12 24  -5.1
37235 2020 12 25  -6.8
37235 2020 12 26  -5.9
37235 2020 12 27   0.0
37235 2020 12 28   0.1
37235 2020 12 29  -0.2
37235 2020 12 30   0.3
37235 2020 12 31   0.3
